('Time taken - ', 168.7828779220581)
('Epoch start - ', 0)
(0, 1.8980931043624878)
Train Epoch: 0 [0/8544 (0%)]	Loss: 1.898093
(1, 3.5668017864227295)
(2, 2.6518735885620117)
(3, 2.1670730113983154)
(4, 1.8764164447784424)
(5, 1.1488533020019531)
(6, 1.5009297132492065)
(7, 1.7781776189804077)
(8, 1.4462566375732422)
(9, 1.3830510377883911)
(10, 1.3863919973373413)
(11, 1.4056670665740967)
(12, 1.2474796772003174)
(13, 1.1919429302215576)
(14, 1.2512788772583008)
(15, 1.0655317306518555)
(16, 1.2228400707244873)
(17, 1.3111443519592285)
(18, 1.3032948970794678)
(19, 1.2259840965270996)
(20, 1.5132735967636108)
(21, 1.2547582387924194)
(22, 1.3103070259094238)
(23, 1.3796757459640503)
(24, 1.2363946437835693)
(25, 1.239661455154419)
(26, 1.1340590715408325)
(27, 1.31308913230896)
(28, 1.3615537881851196)
(29, 1.3245905637741089)
(30, 1.2651156187057495)
(31, 1.1963064670562744)
(32, 1.3662745952606201)
(33, 1.3935123682022095)
(34, 1.3551355600357056)
(35, 1.2404465675354004)
(36, 1.1447392702102661)
(37, 1.161126971244812)
(38, 1.059023141860962)
(39, 1.2732888460159302)
(40, 1.1788671016693115)
(41, 1.1134066581726074)
(42, 1.1299402713775635)
(43, 1.2477855682373047)
(44, 1.1624550819396973)
(45, 1.1784675121307373)
(46, 1.278740644454956)
(47, 1.1967225074768066)
(48, 1.3037123680114746)
(49, 1.2466448545455933)
(50, 1.2908960580825806)
(51, 1.3161011934280396)
(52, 1.259833812713623)
(53, 1.2773078680038452)
(54, 1.2728254795074463)
(55, 1.1918528079986572)
(56, 1.2644680738449097)
(57, 1.342778205871582)
(58, 1.2092682123184204)
(59, 1.234370231628418)
(60, 1.282165288925171)
(61, 1.2801958322525024)
(62, 1.4762346744537354)
(63, 1.8996511697769165)
(64, 2.7480952739715576)
(65, 2.123645067214966)
(66, 1.689293384552002)
(67, 1.4581975936889648)
(68, 1.259997010231018)
(69, 1.4939597845077515)
(70, 1.9820293188095093)
(71, 1.7162126302719116)
(72, 1.6763389110565186)
(73, 1.4886455535888672)
(74, 1.216130018234253)
(75, 1.4474157094955444)
(76, 1.2713675498962402)
(77, 1.441197156906128)
(78, 1.5013614892959595)
(79, 1.3505603075027466)
(80, 1.2110897302627563)
(81, 1.1037479639053345)
(82, 1.0808746814727783)
(83, 1.3314317464828491)
(84, 1.3906341791152954)
(85, 1.2128782272338867)
(86, 1.1737937927246094)
(87, 1.4382753372192383)
(88, 1.4778683185577393)
(89, 1.1136083602905273)
(90, 1.2731122970581055)
(91, 1.320548415184021)
(92, 1.3017054796218872)
(93, 1.3822500705718994)
(94, 1.2991338968276978)
(95, 1.2680070400238037)
(96, 1.4293826818466187)
(97, 1.1993321180343628)
(98, 1.3653767108917236)
(99, 1.269994854927063)
(100, 1.4497735500335693)
Train Epoch: 0 [6400/8544 (75%)]	Loss: 1.449774
(101, 1.2882201671600342)
(102, 1.3205502033233643)
(103, 1.324141025543213)
(104, 1.119059681892395)
(105, 1.4171085357666016)
(106, 1.2925467491149902)
(107, 1.3176847696304321)
(108, 1.1954208612442017)
(109, 1.1492472887039185)
(110, 1.464611530303955)
(111, 1.190867304801941)
(112, 1.229630947113037)
(113, 1.475878119468689)
(114, 1.2689669132232666)
(115, 1.1074004173278809)
(116, 1.2037220001220703)
(117, 1.1612739562988281)
(118, 1.2277746200561523)
(119, 1.3508470058441162)
(120, 1.4924875497817993)
(121, 1.0991770029067993)
(122, 1.3980664014816284)
(123, 1.2845892906188965)
(124, 1.3826000690460205)
(125, 1.301412582397461)
(126, 1.320067286491394)
(127, 1.3518598079681396)
(128, 1.785705804824829)
(129, 1.9497313499450684)
(130, 3.2827048301696777)
(131, 2.051079034805298)
(132, 1.4068115949630737)
(133, 1.4551883935928345)
('Epoch start - ', 1)
(0, 2.085362195968628)
Train Epoch: 1 [0/8544 (0%)]	Loss: 2.085362
(1, 1.8664294481277466)
(2, 1.566115379333496)
(3, 1.4218956232070923)
(4, 1.388841986656189)
(5, 1.158819556236267)
(6, 1.3262286186218262)
(7, 1.2898571491241455)
(8, 1.2498575448989868)
(9, 1.4306178092956543)
(10, 1.4261502027511597)
(11, 1.2471059560775757)
(12, 1.2140910625457764)
(13, 1.1317113637924194)
(14, 1.2255074977874756)
(15, 1.0379058122634888)
(16, 1.2419356107711792)
(17, 1.14064621925354)
(18, 1.326497197151184)
(19, 1.2589857578277588)
(20, 1.5419355630874634)
(21, 1.284115195274353)
(22, 1.3165301084518433)
(23, 1.4551777839660645)
(24, 1.208608865737915)
(25, 1.1302224397659302)
(26, 1.1694293022155762)
(27, 1.169060230255127)
(28, 1.22757887840271)
(29, 1.2875065803527832)
(30, 1.3060131072998047)
(31, 1.146397590637207)
(32, 1.2665858268737793)
(33, 1.3469436168670654)
(34, 1.328885793685913)
(35, 1.165105938911438)
(36, 1.1313618421554565)
(37, 1.0454188585281372)
(38, 1.0329221487045288)
(39, 1.2161211967468262)
(40, 1.1305387020111084)
(41, 1.1558305025100708)
(42, 1.1829055547714233)
(43, 1.2274143695831299)
(44, 1.1815403699874878)
(45, 1.1600337028503418)
(46, 1.1423519849777222)
(47, 1.206613302230835)
(48, 1.2471504211425781)
(49, 1.1776273250579834)
(50, 1.2887005805969238)
(51, 1.257546305656433)
(52, 1.1626259088516235)
(53, 1.1820039749145508)
(54, 1.1676219701766968)
(55, 1.1853044033050537)
(56, 1.2607982158660889)
(57, 1.3254711627960205)
(58, 1.289321780204773)
(59, 1.2191585302352905)
(60, 1.3230223655700684)
(61, 1.2462109327316284)
(62, 1.4458670616149902)
(63, 2.0943033695220947)
(64, 3.180253505706787)
(65, 2.662611484527588)
(66, 2.3077454566955566)
(67, 2.0869252681732178)
(68, 1.9015400409698486)
(69, 1.9134294986724854)
(70, 1.8217406272888184)
(71, 1.877204418182373)
(72, 1.366969347000122)
(73, 1.5175079107284546)
(74, 1.1962673664093018)
(75, 1.302473545074463)
(76, 1.2302360534667969)
(77, 1.371641755104065)
(78, 1.590373158454895)
(79, 1.545351266860962)
(80, 1.3214714527130127)
(81, 1.1643465757369995)
(82, 1.076047658920288)
(83, 1.2360522747039795)
(84, 1.3779399394989014)
(85, 1.2068642377853394)
(86, 1.217428207397461)
(87, 1.3909507989883423)
(88, 1.3688759803771973)
(89, 1.283259391784668)
(90, 1.5156909227371216)
(91, 1.2764939069747925)
(92, 1.2262905836105347)
(93, 1.2389143705368042)
(94, 1.2970049381256104)
(95, 1.1965056657791138)
(96, 1.3981229066848755)
(97, 1.0992262363433838)
(98, 1.3431047201156616)
(99, 1.1685339212417603)
(100, 1.4481784105300903)
Train Epoch: 1 [6400/8544 (75%)]	Loss: 1.448178
(101, 1.3410673141479492)
(102, 1.2162296772003174)
(103, 1.2537777423858643)
(104, 1.126176118850708)
(105, 1.3039939403533936)
(106, 1.2092708349227905)
(107, 1.264829158782959)
(108, 1.1877598762512207)
(109, 1.0981322526931763)
(110, 1.4156233072280884)
(111, 1.198490858078003)
(112, 1.0732241868972778)
(113, 1.4069268703460693)
(114, 1.2390151023864746)
(115, 1.1156843900680542)
(116, 1.1610398292541504)
(117, 1.1386383771896362)
(118, 1.215994954109192)
(119, 1.2759056091308594)
(120, 1.4249441623687744)
(121, 1.150068998336792)
(122, 1.331723690032959)
(123, 1.1690393686294556)
(124, 1.3550487756729126)
(125, 1.3051916360855103)
(126, 1.2073768377304077)
(127, 1.2642945051193237)
(128, 1.7537568807601929)
(129, 1.93917715549469)
(130, 3.4692556858062744)
(131, 2.1738076210021973)
(132, 1.2623014450073242)
(133, 1.278719425201416)
('Epoch start - ', 2)
(0, 2.518331289291382)
Train Epoch: 2 [0/8544 (0%)]	Loss: 2.518331
(1, 2.32747220993042)
(2, 1.962350845336914)
(3, 1.8776121139526367)
(4, 1.8247089385986328)
(5, 1.6499216556549072)
(6, 1.6228092908859253)
(7, 1.4807450771331787)
(8, 1.7116048336029053)
(9, 1.3292193412780762)
(10, 1.4070488214492798)
(11, 1.2291494607925415)
(12, 1.2038683891296387)
(13, 1.2096775770187378)
(14, 1.3190858364105225)
(15, 1.3904958963394165)
(16, 1.4917551279067993)
(17, 1.2579056024551392)
(18, 1.2257359027862549)
(19, 1.2465288639068604)
(20, 1.36766517162323)
(21, 1.2042404413223267)
(22, 1.2571130990982056)
(23, 1.4458324909210205)
(24, 1.0834870338439941)
(25, 1.2289592027664185)
(26, 1.0948526859283447)
(27, 1.2114559412002563)
(28, 1.3749029636383057)
(29, 1.273403525352478)
(30, 1.3572369813919067)
(31, 1.115342378616333)
(32, 1.2114179134368896)
(33, 1.3018747568130493)
(34, 1.2724300622940063)
(35, 1.1898150444030762)
(36, 1.1307704448699951)
(37, 1.0426063537597656)
(38, 1.0935389995574951)
(39, 1.0828312635421753)
(40, 1.045780897140503)
(41, 1.1036185026168823)
(42, 1.168841004371643)
(43, 1.2610149383544922)
(44, 1.144599437713623)
(45, 1.1525688171386719)
(46, 1.1677427291870117)
(47, 1.2138221263885498)
(48, 1.2980605363845825)
(49, 1.1377521753311157)
(50, 1.3312548398971558)
(51, 1.2495625019073486)
(52, 1.1195237636566162)
(53, 1.2133911848068237)
(54, 1.1495305299758911)
(55, 1.1565864086151123)
(56, 1.2251924276351929)
(57, 1.273045301437378)
(58, 1.2607033252716064)
(59, 1.185139536857605)
(60, 1.2925746440887451)
(61, 1.210371732711792)
(62, 1.4615964889526367)
(63, 2.0996856689453125)
(64, 3.1560232639312744)
(65, 2.6965224742889404)
(66, 2.4434661865234375)
(67, 2.287130117416382)
(68, 2.10360050201416)
(69, 2.0893869400024414)
(70, 1.8543936014175415)
(71, 1.955959439277649)
(72, 1.474102258682251)
(73, 1.7624229192733765)
(74, 1.3882317543029785)
(75, 1.3834893703460693)
(76, 1.4385039806365967)
(77, 1.4539754390716553)
(78, 1.3803956508636475)
(79, 1.3674004077911377)
(80, 1.2085071802139282)
(81, 1.0785503387451172)
(82, 1.0753899812698364)
(83, 1.2453222274780273)
(84, 1.1964441537857056)
(85, 1.1495922803878784)
(86, 1.2282103300094604)
(87, 1.334282636642456)
(88, 1.396017074584961)
(89, 1.1509310007095337)
(90, 1.2551536560058594)
(91, 1.2372386455535889)
(92, 1.2320533990859985)
(93, 1.267817735671997)
(94, 1.3530032634735107)
(95, 1.174780249595642)
(96, 1.4288783073425293)
(97, 1.086203932762146)
(98, 1.2749154567718506)
(99, 1.2124743461608887)
(100, 1.3700389862060547)
Train Epoch: 2 [6400/8544 (75%)]	Loss: 1.370039
(101, 1.3319107294082642)
(102, 1.2498235702514648)
(103, 1.310856580734253)
(104, 1.1186621189117432)
(105, 1.3405145406723022)
(106, 1.1947734355926514)
(107, 1.2363009452819824)
(108, 1.1048507690429688)
(109, 1.1288620233535767)
(110, 1.404189109802246)
(111, 1.1617465019226074)
(112, 1.114092230796814)
(113, 1.4421989917755127)
(114, 1.1537185907363892)
(115, 1.080395221710205)
(116, 1.1605287790298462)
(117, 1.1410882472991943)
(118, 1.217666506767273)
(119, 1.3591419458389282)
(120, 1.406056523323059)
(121, 1.1085684299468994)
(122, 1.3500416278839111)
(123, 1.210091471672058)
(124, 1.3296947479248047)
(125, 1.2350775003433228)
(126, 1.1908255815505981)
(127, 1.2739259004592896)
(128, 1.7212380170822144)
(129, 1.9129465818405151)
(130, 3.2480194568634033)
(131, 2.0818710327148438)
(132, 1.2351534366607666)
(133, 1.2629709243774414)
('Epoch start - ', 3)
(0, 2.5087950229644775)
Train Epoch: 3 [0/8544 (0%)]	Loss: 2.508795
(1, 2.4122605323791504)
(2, 2.078239679336548)
(3, 2.0064680576324463)
(4, 1.9905134439468384)
(5, 1.8856889009475708)
(6, 1.749983549118042)
(7, 1.5837409496307373)
(8, 1.8184587955474854)
(9, 1.4280269145965576)
(10, 1.5767639875411987)
(11, 1.5000159740447998)
(12, 1.332031011581421)
(13, 1.2334362268447876)
(14, 1.3460586071014404)
(15, 1.013538122177124)
(16, 1.2000659704208374)
(17, 1.2128047943115234)
(18, 1.2047518491744995)
(19, 1.3300166130065918)
(20, 1.4151078462600708)
(21, 1.2506444454193115)
(22, 1.3316916227340698)
(23, 1.316369891166687)
(24, 1.1912498474121094)
(25, 1.1600826978683472)
(26, 1.0720793008804321)
(27, 1.2041181325912476)
(28, 1.2233524322509766)
(29, 1.2352086305618286)
(30, 1.3553411960601807)
(31, 1.1194202899932861)
(32, 1.2174038887023926)
(33, 1.2806143760681152)
(34, 1.3514803647994995)
(35, 1.1969265937805176)
(36, 1.054071068763733)
(37, 1.1443133354187012)
(38, 1.0512794256210327)
(39, 1.1509301662445068)
(40, 1.0765955448150635)
(41, 1.1381595134735107)
(42, 1.1096094846725464)
(43, 1.1715749502182007)
(44, 1.1333791017532349)
(45, 1.1433621644973755)
(46, 1.178754210472107)
(47, 1.1805473566055298)
(48, 1.245592713356018)
(49, 1.1639329195022583)
(50, 1.2639950513839722)
(51, 1.3130733966827393)
(52, 1.1386806964874268)
(53, 1.1779868602752686)
(54, 1.1947873830795288)
(55, 1.1383377313613892)
(56, 1.2763051986694336)
(57, 1.3063249588012695)
(58, 1.2945998907089233)
(59, 1.1831731796264648)
(60, 1.2558062076568604)
(61, 1.1991337537765503)
(62, 1.432374358177185)
(63, 2.0706777572631836)
(64, 3.052386522293091)
(65, 2.6885733604431152)
(66, 2.4849753379821777)
(67, 2.3879806995391846)
(68, 2.236628532409668)
(69, 2.1790878772735596)
(70, 1.9401683807373047)
(71, 2.076293468475342)
(72, 1.5642809867858887)
(73, 1.9494130611419678)
(74, 1.5672807693481445)
(75, 1.5253099203109741)
(76, 1.6001503467559814)
(77, 1.6167359352111816)
(78, 1.4104386568069458)
(79, 1.4365639686584473)
(80, 1.2871897220611572)
(81, 1.0814213752746582)
(82, 1.0823911428451538)
(83, 1.3065546751022339)
(84, 1.2916219234466553)
(85, 1.1680340766906738)
(86, 1.180052638053894)
(87, 1.3043488264083862)
(88, 1.3558318614959717)
(89, 1.1626476049423218)
(90, 1.2885767221450806)
(91, 1.2253739833831787)
(92, 1.2235194444656372)
(93, 1.25337815284729)
(94, 1.3182833194732666)
(95, 1.18317449092865)
(96, 1.4537084102630615)
(97, 1.105751395225525)
(98, 1.3062818050384521)
(99, 1.1796166896820068)
(100, 1.3829619884490967)
Train Epoch: 3 [6400/8544 (75%)]	Loss: 1.382962
(101, 1.3096411228179932)
(102, 1.249327540397644)
(103, 1.2722822427749634)
(104, 1.1558839082717896)
(105, 1.325893759727478)
(106, 1.1765484809875488)
(107, 1.2435855865478516)
(108, 1.1240628957748413)
(109, 1.1130189895629883)
(110, 1.4128895998001099)
(111, 1.150265097618103)
(112, 1.087329626083374)
(113, 1.4749562740325928)
(114, 1.1891148090362549)
(115, 1.0893863439559937)
(116, 1.1749773025512695)
(117, 1.1556366682052612)
(118, 1.2080670595169067)
(119, 1.3518584966659546)
(120, 1.3938376903533936)
(121, 1.0845860242843628)
(122, 1.3522427082061768)
(123, 1.1826704740524292)
(124, 1.3414183855056763)
(125, 1.2565644979476929)
(126, 1.2052849531173706)
(127, 1.2674717903137207)
(128, 1.7582277059555054)
(129, 1.9507410526275635)
(130, 3.2966277599334717)
(131, 2.119319200515747)
(132, 1.1747853755950928)
(133, 1.243129014968872)
('Epoch start - ', 4)
(0, 2.625032424926758)
Train Epoch: 4 [0/8544 (0%)]	Loss: 2.625032
(1, 2.584015369415283)
(2, 2.338193416595459)
(3, 2.212989568710327)
(4, 2.213068962097168)
(5, 2.098876953125)
(6, 1.9099617004394531)
(7, 1.7517869472503662)
(8, 1.8756803274154663)
(9, 1.544008493423462)
(10, 1.6483078002929688)
(11, 1.597603440284729)
(12, 1.4804526567459106)
(13, 1.391011357307434)
(14, 1.4740742444992065)
(15, 1.1463338136672974)
(16, 1.2368531227111816)
(17, 1.28339684009552)
(18, 1.2872682809829712)
(19, 1.2613192796707153)
(20, 1.4608802795410156)
(21, 1.2514801025390625)
(22, 1.3093719482421875)
(23, 1.412247657775879)
(24, 1.1145310401916504)
(25, 1.13330078125)
(26, 1.0938173532485962)
(27, 1.203667402267456)
(28, 1.2293027639389038)
(29, 1.243860125541687)
(30, 1.2992033958435059)
(31, 1.1411961317062378)
(32, 1.2322741746902466)
(33, 1.3054202795028687)
(34, 1.2701855897903442)
(35, 1.1924465894699097)
(36, 1.1486642360687256)
(37, 1.0923374891281128)
(38, 1.0969631671905518)
(39, 1.1582926511764526)
(40, 1.088948130607605)
(41, 1.094910979270935)
(42, 1.1425846815109253)
(43, 1.1987634897232056)
(44, 1.1272857189178467)
(45, 1.1299126148223877)
(46, 1.1416425704956055)
(47, 1.2354108095169067)
(48, 1.221714973449707)
(49, 1.1191288232803345)
(50, 1.2955372333526611)
(51, 1.3199745416641235)
(52, 1.129501223564148)
(53, 1.1936845779418945)
(54, 1.1960101127624512)
(55, 1.1429142951965332)
(56, 1.2658904790878296)
(57, 1.2673234939575195)
(58, 1.2592716217041016)
(59, 1.1886111497879028)
(60, 1.2802551984786987)
(61, 1.17789626121521)
(62, 1.4275065660476685)
(63, 2.0006601810455322)
(64, 3.071904182434082)
(65, 2.7450790405273438)
(66, 2.5599465370178223)
(67, 2.4880311489105225)
(68, 2.402780055999756)
(69, 2.300828456878662)
(70, 2.072026252746582)
(71, 2.176044225692749)
(72, 1.8244421482086182)
(73, 2.0629782676696777)
(74, 1.8211380243301392)
(75, 1.736921787261963)
(76, 1.7357009649276733)
(77, 1.6610389947891235)
(78, 1.5081523656845093)
(79, 1.464606523513794)
(80, 1.3946036100387573)
(81, 1.279192328453064)
(82, 1.2703520059585571)
(83, 1.3433587551116943)
(84, 1.3820104598999023)
(85, 1.2623916864395142)
(86, 1.237891674041748)
(87, 1.3375498056411743)
(88, 1.3247272968292236)
(89, 1.1799100637435913)
(90, 1.3039852380752563)
(91, 1.2509262561798096)
(92, 1.217144250869751)
(93, 1.2667646408081055)
(94, 1.3431963920593262)
(95, 1.2097663879394531)
(96, 1.4942519664764404)
(97, 1.1400983333587646)
(98, 1.2840116024017334)
(99, 1.2200806140899658)
(100, 1.4234141111373901)
Train Epoch: 4 [6400/8544 (75%)]	Loss: 1.423414
(101, 1.3473097085952759)
(102, 1.2577548027038574)
(103, 1.2870405912399292)
(104, 1.1083029508590698)
(105, 1.300371766090393)
(106, 1.1870566606521606)
(107, 1.2177897691726685)
(108, 1.1346018314361572)
(109, 1.1064914464950562)
(110, 1.3837440013885498)
(111, 1.1341824531555176)
(112, 1.112921118736267)
(113, 1.4711270332336426)
(114, 1.1975197792053223)
(115, 1.102272391319275)
(116, 1.2017641067504883)
(117, 1.1701418161392212)
(118, 1.1925504207611084)
(119, 1.3390600681304932)
(120, 1.4035730361938477)
(121, 1.12555992603302)
(122, 1.3515263795852661)
(123, 1.1858618259429932)
(124, 1.3988542556762695)
(125, 1.2681370973587036)
(126, 1.2113152742385864)
(127, 1.2955561876296997)
(128, 1.734218955039978)
(129, 1.8997797966003418)
(130, 3.2526450157165527)
(131, 2.130612850189209)
(132, 1.1885896921157837)
(133, 1.2468576431274414)
('Epoch start - ', 5)
(0, 2.6255545616149902)
Train Epoch: 5 [0/8544 (0%)]	Loss: 2.625555
(1, 2.5536117553710938)
(2, 2.3596951961517334)
(3, 2.2919230461120605)
(4, 2.2640538215637207)
(5, 2.192431688308716)
(6, 2.024684429168701)
(7, 1.8887789249420166)
(8, 1.9416530132293701)
(9, 1.6777873039245605)
(10, 1.7426949739456177)
(11, 1.6640586853027344)
(12, 1.578858733177185)
(13, 1.516735553741455)
(14, 1.5329362154006958)
(15, 1.3174103498458862)
(16, 1.3299665451049805)
(17, 1.3895787000656128)
(18, 1.3955503702163696)
(19, 1.3264158964157104)
(20, 1.4564529657363892)
(21, 1.3015656471252441)
(22, 1.3374983072280884)
(23, 1.4559365510940552)
(24, 1.1936908960342407)
(25, 1.2744004726409912)
(26, 1.1348923444747925)
(27, 1.344388723373413)
(28, 1.3920456171035767)
(29, 1.2562366724014282)
(30, 1.3734945058822632)
(31, 1.2032907009124756)
(32, 1.2212882041931152)
(33, 1.2594774961471558)
(34, 1.3524580001831055)
(35, 1.167475700378418)
(36, 1.1250439882278442)
(37, 1.1200069189071655)
(38, 1.093741774559021)
(39, 1.1790380477905273)
(40, 1.0737388134002686)
(41, 1.1195589303970337)
(42, 1.1635247468948364)
(43, 1.2114355564117432)
(44, 1.1526215076446533)
(45, 1.1295433044433594)
(46, 1.1691585779190063)
(47, 1.2158116102218628)
(48, 1.2551665306091309)
(49, 1.1602344512939453)
(50, 1.2796775102615356)
(51, 1.2736953496932983)
(52, 1.1523668766021729)
(53, 1.1799006462097168)
(54, 1.1658892631530762)
(55, 1.1679890155792236)
(56, 1.2496675252914429)
(57, 1.2877013683319092)
(58, 1.2465038299560547)
(59, 1.2017929553985596)
(60, 1.2623745203018188)
(61, 1.2015295028686523)
(62, 1.4007437229156494)
(63, 1.9987211227416992)
(64, 3.0529980659484863)
(65, 2.751600980758667)
(66, 2.5038440227508545)
(67, 2.4940130710601807)
(68, 2.4867284297943115)
(69, 2.4403491020202637)
(70, 2.17559552192688)
(71, 2.3005435466766357)
(72, 1.9530179500579834)
(73, 2.1983859539031982)
(74, 1.9948382377624512)
(75, 1.912147879600525)
(76, 1.9930849075317383)
(77, 1.8362159729003906)
(78, 1.650323748588562)
(79, 1.6337335109710693)
(80, 1.5739564895629883)
(81, 1.4835461378097534)
(82, 1.4775751829147339)
(83, 1.5227024555206299)
(84, 1.6148874759674072)
(85, 1.4745765924453735)
(86, 1.348030924797058)
(87, 1.4343199729919434)
(88, 1.368983268737793)
(89, 1.3893461227416992)
(90, 1.5337247848510742)
(91, 1.3989239931106567)
(92, 1.2533905506134033)
(93, 1.361329197883606)
(94, 1.4649839401245117)
(95, 1.3275758028030396)
(96, 1.5172244310379028)
(97, 1.2519996166229248)
(98, 1.3539174795150757)
(99, 1.341963529586792)
(100, 1.4340808391571045)
Train Epoch: 5 [6400/8544 (75%)]	Loss: 1.434081
(101, 1.3401060104370117)
(102, 1.2698330879211426)
(103, 1.315900206565857)
(104, 1.1572670936584473)
(105, 1.3259990215301514)
(106, 1.2510403394699097)
(107, 1.2586241960525513)
(108, 1.1708229780197144)
(109, 1.168203592300415)
(110, 1.3690282106399536)
(111, 1.179451823234558)
(112, 1.1783132553100586)
(113, 1.418186902999878)
(114, 1.191204309463501)
(115, 1.1077498197555542)
(116, 1.2242459058761597)
(117, 1.1918798685073853)
(118, 1.2576439380645752)
(119, 1.3749641180038452)
(120, 1.4208554029464722)
(121, 1.1337940692901611)
(122, 1.366657018661499)
(123, 1.206760287284851)
(124, 1.4076411724090576)
(125, 1.2227808237075806)
(126, 1.2129902839660645)
(127, 1.3312591314315796)
(128, 1.749014973640442)
(129, 1.9324640035629272)
(130, 3.0665605068206787)
(131, 2.1032614707946777)
(132, 1.2094894647598267)
(133, 1.300978422164917)
('Epoch start - ', 6)
(0, 2.5785770416259766)
Train Epoch: 6 [0/8544 (0%)]	Loss: 2.578577
(1, 2.5364654064178467)
(2, 2.3696956634521484)
(3, 2.2896535396575928)
(4, 2.243283748626709)
(5, 2.207407236099243)
(6, 2.0081076622009277)
(7, 1.926010251045227)
(8, 1.9374600648880005)
(9, 1.7308205366134644)
(10, 1.7411117553710938)
(11, 1.709031343460083)
(12, 1.640036702156067)
(13, 1.5984256267547607)
(14, 1.5980106592178345)
(15, 1.452252745628357)
(16, 1.4543514251708984)
(17, 1.4779218435287476)
(18, 1.5004894733428955)
(19, 1.4288008213043213)
(20, 1.5195801258087158)
(21, 1.4102250337600708)
(22, 1.4043428897857666)
(23, 1.4877941608428955)
(24, 1.313082218170166)
(25, 1.3934295177459717)
(26, 1.2823173999786377)
(27, 1.3892236948013306)
(28, 1.4662554264068604)
(29, 1.3324694633483887)
(30, 1.4306187629699707)
(31, 1.2964595556259155)
(32, 1.2911638021469116)
(33, 1.319472312927246)
(34, 1.4058606624603271)
(35, 1.2485605478286743)
(36, 1.1944695711135864)
(37, 1.2314505577087402)
(38, 1.1356457471847534)
(39, 1.2848697900772095)
(40, 1.1692612171173096)
(41, 1.15147066116333)
(42, 1.264861822128296)
(43, 1.2718303203582764)
(44, 1.2201244831085205)
(45, 1.1825668811798096)
(46, 1.1870962381362915)
(47, 1.257083535194397)
(48, 1.3183056116104126)
(49, 1.1410112380981445)
(50, 1.3035454750061035)
(51, 1.308601975440979)
(52, 1.175795555114746)
(53, 1.1983659267425537)
(54, 1.1733604669570923)
(55, 1.1544092893600464)
(56, 1.2330163717269897)
(57, 1.2763311862945557)
(58, 1.2480385303497314)
(59, 1.2353841066360474)
(60, 1.2818238735198975)
(61, 1.228474497795105)
(62, 1.417908787727356)
(63, 1.9340518712997437)
(64, 2.850619316101074)
(65, 2.6025917530059814)
(66, 2.4364144802093506)
(67, 2.4651918411254883)
(68, 2.51608943939209)
(69, 2.3926095962524414)
(70, 2.198092222213745)
(71, 2.324537754058838)
(72, 2.0797200202941895)
(73, 2.233041763305664)
(74, 2.1899726390838623)
(75, 2.074491024017334)
(76, 2.1099464893341064)
(77, 1.966030478477478)
(78, 1.8526424169540405)
(79, 1.8164118528366089)
(80, 1.8038944005966187)
(81, 1.7936269044876099)
(82, 1.7617723941802979)
(83, 1.7241215705871582)
(84, 1.772698163986206)
(85, 1.6868975162506104)
(86, 1.5975927114486694)
(87, 1.6115705966949463)
(88, 1.5253076553344727)
(89, 1.5920051336288452)
(90, 1.6235623359680176)
(91, 1.5313293933868408)
(92, 1.4494602680206299)
(93, 1.444187045097351)
(94, 1.5135877132415771)
(95, 1.449412226676941)
(96, 1.4817062616348267)
(97, 1.375292181968689)
(98, 1.384105920791626)
(99, 1.4767742156982422)
(100, 1.4454891681671143)
Train Epoch: 6 [6400/8544 (75%)]	Loss: 1.445489
(101, 1.4104589223861694)
(102, 1.3016163110733032)
(103, 1.3160830736160278)
(104, 1.1678776741027832)
(105, 1.3334969282150269)
(106, 1.342768669128418)
(107, 1.2746106386184692)
(108, 1.2372634410858154)
(109, 1.1797232627868652)
(110, 1.4869108200073242)
(111, 1.2463136911392212)
(112, 1.1276342868804932)
(113, 1.4695593118667603)
(114, 1.1900687217712402)
(115, 1.1299327611923218)
(116, 1.214421033859253)
(117, 1.2022689580917358)
(118, 1.2226405143737793)
(119, 1.3111770153045654)
(120, 1.3624471426010132)
(121, 1.1346698999404907)
(122, 1.333306074142456)
(123, 1.1990320682525635)
(124, 1.3592451810836792)
(125, 1.298222541809082)
(126, 1.2003452777862549)
(127, 1.3042023181915283)
(128, 1.73300039768219)
(129, 1.8780087232589722)
(130, 3.250136137008667)
(131, 2.0785133838653564)
(132, 1.1777279376983643)
(133, 1.2314553260803223)
('Epoch start - ', 7)
(0, 2.643876314163208)
Train Epoch: 7 [0/8544 (0%)]	Loss: 2.643876
(1, 2.613921642303467)
(2, 2.4518396854400635)
(3, 2.329667568206787)
(4, 2.3285634517669678)
(5, 2.280970335006714)
(6, 2.138094186782837)
(7, 1.996716022491455)
(8, 2.0728657245635986)
(9, 1.803875207901001)
(10, 1.8597025871276855)
(11, 1.79159677028656)
(12, 1.7128098011016846)
(13, 1.6584782600402832)
(14, 1.661375641822815)
(15, 1.4694182872772217)
(16, 1.4674813747406006)
(17, 1.4858280420303345)
(18, 1.4758598804473877)
(19, 1.404833197593689)
(20, 1.4973987340927124)
(21, 1.3850082159042358)
(22, 1.3671008348464966)
(23, 1.4301772117614746)
(24, 1.2559305429458618)
(25, 1.2995210886001587)
(26, 1.17917799949646)
(27, 1.3986542224884033)
(28, 1.3982481956481934)
(29, 1.30403733253479)
(30, 1.322475552558899)
(31, 1.2196271419525146)
(32, 1.265526533126831)
(33, 1.2949854135513306)
(34, 1.3609309196472168)
(35, 1.1622867584228516)
(36, 1.1515756845474243)
(37, 1.1454873085021973)
(38, 1.1064976453781128)
(39, 1.1971057653427124)
(40, 1.0549067258834839)
(41, 1.1031097173690796)
(42, 1.1256475448608398)
(43, 1.1816986799240112)
(44, 1.0997570753097534)
(45, 1.1409239768981934)
(46, 1.1928138732910156)
(47, 1.2335073947906494)
(48, 1.2769193649291992)
(49, 1.1696254014968872)
(50, 1.3187514543533325)
(51, 1.2548772096633911)
(52, 1.1380388736724854)
(53, 1.2075376510620117)
(54, 1.2051115036010742)
(55, 1.1478146314620972)
(56, 1.286456823348999)
(57, 1.3399887084960938)
(58, 1.320252537727356)
(59, 1.1894664764404297)
(60, 1.2742676734924316)
(61, 1.1577035188674927)
(62, 1.4377496242523193)
(63, 2.0687742233276367)
(64, 2.973411798477173)
(65, 2.6965136528015137)
(66, 2.403046131134033)
(67, 2.4599640369415283)
(68, 2.4184346199035645)
(69, 2.343036651611328)
(70, 2.0940070152282715)
(71, 2.1433660984039307)
(72, 1.8462932109832764)
(73, 2.051499605178833)
(74, 1.8783631324768066)
(75, 1.7462314367294312)
(76, 1.7790467739105225)
(77, 1.680428147315979)
(78, 1.538724422454834)
(79, 1.5090768337249756)
(80, 1.4080328941345215)
(81, 1.3000757694244385)
(82, 1.2974227666854858)
(83, 1.4124315977096558)
(84, 1.4733129739761353)
(85, 1.3315191268920898)
(86, 1.2580537796020508)
(87, 1.3788959980010986)
(88, 1.3267349004745483)
(89, 1.275383710861206)
(90, 1.4420702457427979)
(91, 1.3339356184005737)
(92, 1.2488911151885986)
(93, 1.2912284135818481)
(94, 1.406313419342041)
(95, 1.2704633474349976)
(96, 1.5262274742126465)
(97, 1.195778250694275)
(98, 1.2771368026733398)
(99, 1.2922742366790771)
(100, 1.4114925861358643)
Train Epoch: 7 [6400/8544 (75%)]	Loss: 1.411493
(101, 1.3391257524490356)
(102, 1.2624175548553467)
(103, 1.2592436075210571)
(104, 1.1033662557601929)
(105, 1.3103710412979126)
(106, 1.233039379119873)
(107, 1.2630559206008911)
(108, 1.1444562673568726)
(109, 1.165067195892334)
(110, 1.3916658163070679)
(111, 1.1759988069534302)
(112, 1.1574482917785645)
(113, 1.457964539527893)
(114, 1.2035125494003296)
(115, 1.1346490383148193)
(116, 1.206372857093811)
(117, 1.1802181005477905)
(118, 1.2387515306472778)
(119, 1.3440206050872803)
(120, 1.3948233127593994)
(121, 1.1396255493164062)
(122, 1.3563053607940674)
(123, 1.2204617261886597)
(124, 1.352601408958435)
(125, 1.260964274406433)
(126, 1.2206135988235474)
(127, 1.2960190773010254)
(128, 1.7675269842147827)
(129, 1.9366167783737183)
(130, 3.253023386001587)
(131, 2.097731828689575)
(132, 1.212086796760559)
(133, 1.2862030267715454)
('Epoch start - ', 8)
(0, 2.5814931392669678)
Train Epoch: 8 [0/8544 (0%)]	Loss: 2.581493
(1, 2.631862163543701)
(2, 2.4024078845977783)
(3, 2.3259940147399902)
(4, 2.28513765335083)
(5, 2.2551932334899902)
(6, 2.0499682426452637)
(7, 1.960473895072937)
(8, 2.0067837238311768)
(9, 1.766206979751587)
(10, 1.8064312934875488)
(11, 1.7395728826522827)
(12, 1.6698435544967651)
(13, 1.6202220916748047)
(14, 1.5999482870101929)
(15, 1.4324314594268799)
(16, 1.4269049167633057)
(17, 1.4328504800796509)
(18, 1.4502599239349365)
(19, 1.34743070602417)
(20, 1.4911044836044312)
(21, 1.379610538482666)
(22, 1.3684896230697632)
(23, 1.4486991167068481)
(24, 1.2388852834701538)
(25, 1.2936879396438599)
(26, 1.2023106813430786)
(27, 1.3443979024887085)
(28, 1.411226511001587)
(29, 1.297477126121521)
(30, 1.3878344297409058)
(31, 1.1920690536499023)
(32, 1.2203338146209717)
(33, 1.2863301038742065)
(34, 1.3417643308639526)
(35, 1.169945478439331)
(36, 1.1319338083267212)
(37, 1.1278578042984009)
(38, 1.1273951530456543)
(39, 1.1879373788833618)
(40, 1.0900089740753174)
(41, 1.1221662759780884)
(42, 1.130139946937561)
(43, 1.2361056804656982)
(44, 1.0983401536941528)
(45, 1.1215232610702515)
(46, 1.1575756072998047)
(47, 1.2495301961898804)
(48, 1.2582504749298096)
(49, 1.2006447315216064)
(50, 1.314760446548462)
(51, 1.28652024269104)
(52, 1.1708389520645142)
(53, 1.2189282178878784)
(54, 1.2115927934646606)
(55, 1.1700809001922607)
(56, 1.331116795539856)
(57, 1.3009618520736694)
(58, 1.3045521974563599)
(59, 1.2078275680541992)
(60, 1.299788475036621)
(61, 1.213836431503296)
(62, 1.4630671739578247)
(63, 2.054232120513916)
(64, 3.048245429992676)
(65, 2.725576400756836)
(66, 2.4294283390045166)
(67, 2.5443248748779297)
(68, 2.5105323791503906)
(69, 2.361104726791382)
(70, 2.072223663330078)
(71, 2.2040886878967285)
(72, 1.9426987171173096)
(73, 2.1068274974823)
(74, 1.986784815788269)
(75, 1.8552964925765991)
(76, 1.8824832439422607)
(77, 1.79429030418396)
(78, 1.6566628217697144)
(79, 1.647055745124817)
(80, 1.6189165115356445)
(81, 1.5448436737060547)
(82, 1.5328314304351807)
(83, 1.5692403316497803)
(84, 1.5946812629699707)
(85, 1.5363740921020508)
(86, 1.4936460256576538)
(87, 1.546064853668213)
(88, 1.4668856859207153)
(89, 1.474556803703308)
(90, 1.5517405271530151)
(91, 1.5069520473480225)
(92, 1.3954447507858276)
(93, 1.462590217590332)
(94, 1.515986680984497)
(95, 1.4441020488739014)
(96, 1.5361921787261963)
(97, 1.4124202728271484)
(98, 1.40768563747406)
(99, 1.5030488967895508)
(100, 1.4785906076431274)
Train Epoch: 8 [6400/8544 (75%)]	Loss: 1.478591
(101, 1.445099115371704)
(102, 1.3613977432250977)
(103, 1.369290828704834)
(104, 1.2489049434661865)
(105, 1.3850089311599731)
(106, 1.400579810142517)
(107, 1.3637341260910034)
(108, 1.3406113386154175)
(109, 1.2898293733596802)
(110, 1.4993380308151245)
(111, 1.3520618677139282)
(112, 1.2023464441299438)
(113, 1.5042833089828491)
(114, 1.2643893957138062)
(115, 1.2162977457046509)
(116, 1.263995885848999)
(117, 1.2346160411834717)
(118, 1.25847327709198)
(119, 1.3498319387435913)
(120, 1.37838876247406)
(121, 1.2054237127304077)
(122, 1.40827476978302)
(123, 1.2958775758743286)
(124, 1.4444845914840698)
(125, 1.2855116128921509)
(126, 1.280154824256897)
(127, 1.341814637184143)
(128, 1.6058510541915894)
(129, 1.7635221481323242)
(130, 2.634316921234131)
(131, 1.8873584270477295)
(132, 1.2934175729751587)
(133, 1.3052618503570557)
('Epoch start - ', 9)
(0, 2.3278045654296875)
Train Epoch: 9 [0/8544 (0%)]	Loss: 2.327805
(1, 2.390367269515991)
(2, 2.2835371494293213)
(3, 2.202249526977539)
(4, 2.1871538162231445)
(5, 2.189633369445801)
(6, 2.0812394618988037)
(7, 2.004073143005371)
(8, 2.041132926940918)
(9, 1.8897453546524048)
(10, 1.9092203378677368)
(11, 1.8866146802902222)
(12, 1.831994891166687)
(13, 1.817331075668335)
(14, 1.7716448307037354)
(15, 1.7070882320404053)
(16, 1.6613458395004272)
(17, 1.6748814582824707)
(18, 1.6859630346298218)
(19, 1.6067358255386353)
(20, 1.6613450050354004)
(21, 1.6091300249099731)
(22, 1.5868698358535767)
(23, 1.6281942129135132)
(24, 1.5425727367401123)
(25, 1.587957739830017)
(26, 1.530219554901123)
(27, 1.5732277631759644)
(28, 1.6174081563949585)
(29, 1.5228642225265503)
(30, 1.576385498046875)
(31, 1.5029281377792358)
(32, 1.4825702905654907)
(33, 1.4893791675567627)
(34, 1.5559743642807007)
(35, 1.446885585784912)
(36, 1.4228757619857788)
(37, 1.4713091850280762)
(38, 1.3677889108657837)
(39, 1.4844392538070679)
(40, 1.4161924123764038)
(41, 1.3766196966171265)
(42, 1.4775582551956177)
(43, 1.4118355512619019)
(44, 1.429687738418579)
(45, 1.345263957977295)
(46, 1.39481782913208)
(47, 1.4516011476516724)
(48, 1.425228238105774)
(49, 1.316317081451416)
(50, 1.3879462480545044)
(51, 1.403151273727417)
(52, 1.3211970329284668)
(53, 1.3386805057525635)
(54, 1.338428020477295)
(55, 1.3151487112045288)
(56, 1.355432391166687)
(57, 1.3448724746704102)
(58, 1.348238229751587)
(59, 1.265033483505249)
(60, 1.3727692365646362)
(61, 1.3067336082458496)
(62, 1.4979894161224365)
(63, 1.6921048164367676)
(64, 2.1375222206115723)
(65, 2.020611047744751)
(66, 1.9564965963363647)
(67, 2.0294418334960938)
(68, 2.0917344093322754)
(69, 2.0052223205566406)
(70, 1.8793785572052002)
(71, 1.9566057920455933)
(72, 1.9061415195465088)
(73, 1.9525883197784424)
(74, 1.9557623863220215)
(75, 1.8768996000289917)
(76, 1.9108250141143799)
(77, 1.854960560798645)
(78, 1.773493766784668)
(79, 1.7732739448547363)
(80, 1.7845361232757568)
(81, 1.7654364109039307)
(82, 1.7473944425582886)
(83, 1.7303996086120605)
(84, 1.7589447498321533)
(85, 1.719340443611145)
(86, 1.6761507987976074)
(87, 1.6814563274383545)
(88, 1.6165043115615845)
(89, 1.6505719423294067)
(90, 1.680864691734314)
(91, 1.6515480279922485)
(92, 1.5967050790786743)
(93, 1.6106650829315186)
(94, 1.62643301486969)
(95, 1.6046205759048462)
(96, 1.6091772317886353)
(97, 1.5871052742004395)
(98, 1.5565218925476074)
(99, 1.6261255741119385)
(100, 1.576874017715454)
Train Epoch: 9 [6400/8544 (75%)]	Loss: 1.576874
(101, 1.5525821447372437)
(102, 1.5034430027008057)
(103, 1.5247687101364136)
(104, 1.4492849111557007)
(105, 1.5176074504852295)
(106, 1.5384588241577148)
(107, 1.4974496364593506)
(108, 1.5072773694992065)
(109, 1.4512544870376587)
(110, 1.5848381519317627)
(111, 1.5251400470733643)
(112, 1.3848507404327393)
(113, 1.5605803728103638)
(114, 1.42251455783844)
(115, 1.4125224351882935)
(116, 1.4200139045715332)
(117, 1.4105859994888306)
(118, 1.4026609659194946)
(119, 1.4480444192886353)
(120, 1.4673311710357666)
(121, 1.394811987876892)
(122, 1.4997795820236206)
(123, 1.4453011751174927)
(124, 1.5694825649261475)
(125, 1.4086952209472656)
(126, 1.4366453886032104)
(127, 1.486073613166809)
(128, 1.5448548793792725)
(129, 1.5812592506408691)
(130, 1.9228668212890625)
(131, 1.7013059854507446)
(132, 1.5206598043441772)
(133, 1.4549189805984497)
