('Time taken - ', 181.2176148891449)
('Epoch start - ', 0)
(0, 2.476003646850586)
Train Epoch: 0 [0/8544 (0%)]	Loss: 2.476004
(1, 3.558750629425049)
(2, 2.042996644973755)
(3, 2.5023796558380127)
(4, 1.590563416481018)
(5, 1.5036464929580688)
(6, 1.7590676546096802)
(7, 1.8329780101776123)
(8, 1.440244436264038)
(9, 1.491782546043396)
(10, 1.635488510131836)
(11, 1.3102999925613403)
(12, 1.2794930934906006)
(13, 1.1478499174118042)
(14, 1.4114737510681152)
(15, 1.2933838367462158)
(16, 1.337590217590332)
(17, 1.345500111579895)
(18, 1.2546100616455078)
(19, 1.3043501377105713)
(20, 1.5267906188964844)
(21, 1.3660775423049927)
(22, 1.3653172254562378)
(23, 1.4612600803375244)
(24, 1.2576265335083008)
(25, 1.1981830596923828)
(26, 1.1678580045700073)
(27, 1.278597354888916)
(28, 1.3521537780761719)
(29, 1.3285082578659058)
(30, 1.42095947265625)
(31, 1.2797518968582153)
(32, 1.3881350755691528)
(33, 1.3661985397338867)
(34, 1.3458542823791504)
(35, 1.2312594652175903)
(36, 1.1639254093170166)
(37, 1.1200777292251587)
(38, 1.1129013299942017)
(39, 1.285159945487976)
(40, 1.1871918439865112)
(41, 1.1819759607315063)
(42, 1.2297253608703613)
(43, 1.2595255374908447)
(44, 1.1099704504013062)
(45, 1.2271842956542969)
(46, 1.3232507705688477)
(47, 1.2343478202819824)
(48, 1.3237768411636353)
(49, 1.2449396848678589)
(50, 1.3293181657791138)
(51, 1.3631904125213623)
(52, 1.2414861917495728)
(53, 1.2787622213363647)
(54, 1.2784117460250854)
(55, 1.2348299026489258)
(56, 1.2406688928604126)
(57, 1.2518001794815063)
(58, 1.3247182369232178)
(59, 1.3114073276519775)
(60, 1.3084607124328613)
(61, 1.3246616125106812)
(62, 1.452913522720337)
(63, 1.9321393966674805)
(64, 2.81255841255188)
(65, 2.1885013580322266)
(66, 1.7215944528579712)
(67, 1.5883393287658691)
(68, 1.2809245586395264)
(69, 1.541885495185852)
(70, 1.7704975605010986)
(71, 1.5959781408309937)
(72, 1.7411190271377563)
(73, 1.50803804397583)
(74, 1.366713047027588)
(75, 1.4275668859481812)
(76, 1.4774589538574219)
(77, 1.4520617723464966)
(78, 1.350826382637024)
(79, 1.505686640739441)
(80, 1.1991394758224487)
(81, 1.0349658727645874)
(82, 1.0891356468200684)
(83, 1.2980188131332397)
(84, 1.2950236797332764)
(85, 1.0894156694412231)
(86, 1.1273393630981445)
(87, 1.4529341459274292)
(88, 1.4404799938201904)
(89, 1.1492186784744263)
(90, 1.1748679876327515)
(91, 1.3180465698242188)
(92, 1.3452630043029785)
(93, 1.3383212089538574)
(94, 1.3359143733978271)
(95, 1.249117136001587)
(96, 1.4867221117019653)
(97, 1.1122066974639893)
(98, 1.357531189918518)
(99, 1.216210126876831)
(100, 1.4008123874664307)
Train Epoch: 0 [6400/8544 (75%)]	Loss: 1.400812
(101, 1.356405258178711)
(102, 1.2736876010894775)
(103, 1.3243322372436523)
(104, 1.1342933177947998)
(105, 1.3531965017318726)
(106, 1.2538303136825562)
(107, 1.2933824062347412)
(108, 1.1955955028533936)
(109, 1.156548023223877)
(110, 1.4565885066986084)
(111, 1.1721889972686768)
(112, 1.2079473733901978)
(113, 1.4479808807373047)
(114, 1.2993535995483398)
(115, 1.0811208486557007)
(116, 1.1640480756759644)
(117, 1.2023675441741943)
(118, 1.2666677236557007)
(119, 1.3661667108535767)
(120, 1.4210089445114136)
(121, 1.1435283422470093)
(122, 1.3227578401565552)
(123, 1.247461199760437)
(124, 1.399452567100525)
(125, 1.3017677068710327)
(126, 1.192431092262268)
(127, 1.3277735710144043)
(128, 1.8027877807617188)
(129, 1.9121923446655273)
(130, 3.2180428504943848)
(131, 1.9369885921478271)
(132, 1.3221176862716675)
(133, 1.4588652849197388)
('Epoch start - ', 1)
(0, 2.260845422744751)
Train Epoch: 1 [0/8544 (0%)]	Loss: 2.260845
(1, 1.9559035301208496)
(2, 1.609911561012268)
(3, 1.5289477109909058)
(4, 1.3799068927764893)
(5, 1.2234208583831787)
(6, 1.3774235248565674)
(7, 1.3048722743988037)
(8, 1.2318453788757324)
(9, 1.4007601737976074)
(10, 1.4315974712371826)
(11, 1.2390648126602173)
(12, 1.256980538368225)
(13, 1.1490638256072998)
(14, 1.2874324321746826)
(15, 1.1023902893066406)
(16, 1.2498024702072144)
(17, 1.101033091545105)
(18, 1.275519847869873)
(19, 1.2769218683242798)
(20, 1.5459083318710327)
(21, 1.2908174991607666)
(22, 1.293644666671753)
(23, 1.3858293294906616)
(24, 1.1355048418045044)
(25, 1.1740916967391968)
(26, 1.111301302909851)
(27, 1.1409122943878174)
(28, 1.240144968032837)
(29, 1.2816143035888672)
(30, 1.2597113847732544)
(31, 1.2315348386764526)
(32, 1.254614233970642)
(33, 1.3419246673583984)
(34, 1.3523783683776855)
(35, 1.2257624864578247)
(36, 1.086411952972412)
(37, 1.0665488243103027)
(38, 1.0633587837219238)
(39, 1.1787328720092773)
(40, 1.0526014566421509)
(41, 1.1052165031433105)
(42, 1.1843458414077759)
(43, 1.2797315120697021)
(44, 1.2036832571029663)
(45, 1.1689085960388184)
(46, 1.1645525693893433)
(47, 1.1841453313827515)
(48, 1.2402511835098267)
(49, 1.1504510641098022)
(50, 1.2319947481155396)
(51, 1.2947862148284912)
(52, 1.1265645027160645)
(53, 1.2585349082946777)
(54, 1.1731191873550415)
(55, 1.1576519012451172)
(56, 1.2726037502288818)
(57, 1.2990988492965698)
(58, 1.2269798517227173)
(59, 1.1660540103912354)
(60, 1.3314290046691895)
(61, 1.2345104217529297)
(62, 1.4978184700012207)
(63, 2.1479315757751465)
(64, 3.3008179664611816)
(65, 2.7802646160125732)
(66, 2.431854724884033)
(67, 2.242971897125244)
(68, 1.9764913320541382)
(69, 1.9917519092559814)
(70, 1.8885799646377563)
(71, 2.01309871673584)
(72, 1.417026400566101)
(73, 1.7820580005645752)
(74, 1.2456470727920532)
(75, 1.291966438293457)
(76, 1.2949262857437134)
(77, 1.3616825342178345)
(78, 1.451965093612671)
(79, 1.4813121557235718)
(80, 1.4075422286987305)
(81, 1.2134267091751099)
(82, 1.1295161247253418)
(83, 1.2826095819473267)
(84, 1.2774865627288818)
(85, 1.1406464576721191)
(86, 1.149534821510315)
(87, 1.383929967880249)
(88, 1.432902216911316)
(89, 1.2778688669204712)
(90, 1.471008062362671)
(91, 1.3164747953414917)
(92, 1.2408629655838013)
(93, 1.236743688583374)
(94, 1.357290506362915)
(95, 1.250539779663086)
(96, 1.4094369411468506)
(97, 1.1232683658599854)
(98, 1.3307092189788818)
(99, 1.1929556131362915)
(100, 1.4293313026428223)
Train Epoch: 1 [6400/8544 (75%)]	Loss: 1.429331
(101, 1.357684850692749)
(102, 1.2449312210083008)
(103, 1.3348866701126099)
(104, 1.1183385848999023)
(105, 1.3447185754776)
(106, 1.170166015625)
(107, 1.2127583026885986)
(108, 1.1470651626586914)
(109, 1.1079823970794678)
(110, 1.4567819833755493)
(111, 1.2085288763046265)
(112, 1.0917507410049438)
(113, 1.4032037258148193)
(114, 1.1946035623550415)
(115, 1.10588538646698)
(116, 1.1518930196762085)
(117, 1.1742548942565918)
(118, 1.2399650812149048)
(119, 1.313189148902893)
(120, 1.3800965547561646)
(121, 1.1277049779891968)
(122, 1.2823655605316162)
(123, 1.195209264755249)
(124, 1.317255973815918)
(125, 1.2644591331481934)
(126, 1.1878544092178345)
(127, 1.274452805519104)
(128, 1.7375364303588867)
(129, 1.877459168434143)
(130, 3.335906744003296)
(131, 2.101823091506958)
(132, 1.2174676656723022)
(133, 1.2511365413665771)
('Epoch start - ', 2)
(0, 2.646684169769287)
Train Epoch: 2 [0/8544 (0%)]	Loss: 2.646684
(1, 2.4350271224975586)
(2, 2.0905261039733887)
(3, 1.9156674146652222)
(4, 1.8981574773788452)
(5, 1.6667935848236084)
(6, 1.6381009817123413)
(7, 1.4723010063171387)
(8, 1.6281813383102417)
(9, 1.3293304443359375)
(10, 1.4616667032241821)
(11, 1.2975157499313354)
(12, 1.2231113910675049)
(13, 1.124718189239502)
(14, 1.2699756622314453)
(15, 1.1495270729064941)
(16, 1.3639682531356812)
(17, 1.268415093421936)
(18, 1.2057946920394897)
(19, 1.3049719333648682)
(20, 1.4276046752929688)
(21, 1.2610118389129639)
(22, 1.2809836864471436)
(23, 1.365278720855713)
(24, 1.0906230211257935)
(25, 1.117244839668274)
(26, 1.1160815954208374)
(27, 1.1531504392623901)
(28, 1.307163953781128)
(29, 1.249139428138733)
(30, 1.3985284566879272)
(31, 1.1499955654144287)
(32, 1.2314064502716064)
(33, 1.3361101150512695)
(34, 1.3555803298950195)
(35, 1.134769082069397)
(36, 1.1437989473342896)
(37, 1.1052799224853516)
(38, 1.0608303546905518)
(39, 1.1623070240020752)
(40, 1.0891528129577637)
(41, 1.1150460243225098)
(42, 1.0982604026794434)
(43, 1.2480319738388062)
(44, 1.1119359731674194)
(45, 1.1021696329116821)
(46, 1.1644166707992554)
(47, 1.2086575031280518)
(48, 1.2504346370697021)
(49, 1.174857258796692)
(50, 1.3143850564956665)
(51, 1.270993947982788)
(52, 1.1286394596099854)
(53, 1.198565125465393)
(54, 1.1652021408081055)
(55, 1.1556493043899536)
(56, 1.2328062057495117)
(57, 1.285388708114624)
(58, 1.268513560295105)
(59, 1.1959834098815918)
(60, 1.2548593282699585)
(61, 1.1850172281265259)
(62, 1.4381141662597656)
(63, 2.015465259552002)
(64, 3.0505595207214355)
(65, 2.648327112197876)
(66, 2.3904342651367188)
(67, 2.3800723552703857)
(68, 2.2436115741729736)
(69, 2.1490139961242676)
(70, 1.9657002687454224)
(71, 2.012364149093628)
(72, 1.601627230644226)
(73, 1.8655623197555542)
(74, 1.5622256994247437)
(75, 1.4608246088027954)
(76, 1.5062358379364014)
(77, 1.501853585243225)
(78, 1.3640471696853638)
(79, 1.3571749925613403)
(80, 1.262834072113037)
(81, 1.110345482826233)
(82, 1.0963597297668457)
(83, 1.2713861465454102)
(84, 1.2374978065490723)
(85, 1.1428608894348145)
(86, 1.2128487825393677)
(87, 1.3613250255584717)
(88, 1.369971513748169)
(89, 1.110918641090393)
(90, 1.2694339752197266)
(91, 1.234345555305481)
(92, 1.176658272743225)
(93, 1.258792757987976)
(94, 1.3378490209579468)
(95, 1.2056704759597778)
(96, 1.4610720872879028)
(97, 1.1116632223129272)
(98, 1.2724286317825317)
(99, 1.1918267011642456)
(100, 1.4076579809188843)
Train Epoch: 2 [6400/8544 (75%)]	Loss: 1.407658
(101, 1.3550487756729126)
(102, 1.2426661252975464)
(103, 1.2694164514541626)
(104, 1.1588609218597412)
(105, 1.3458096981048584)
(106, 1.1799683570861816)
(107, 1.2204821109771729)
(108, 1.168176293373108)
(109, 1.141919493675232)
(110, 1.4163594245910645)
(111, 1.1526803970336914)
(112, 1.0984067916870117)
(113, 1.4847625494003296)
(114, 1.180298924446106)
(115, 1.1015344858169556)
(116, 1.1595852375030518)
(117, 1.1830211877822876)
(118, 1.2427021265029907)
(119, 1.3204123973846436)
(120, 1.3789821863174438)
(121, 1.0990561246871948)
(122, 1.3475080728530884)
(123, 1.1809154748916626)
(124, 1.3433893918991089)
(125, 1.274254322052002)
(126, 1.175425410270691)
(127, 1.282957673072815)
(128, 1.7452919483184814)
(129, 1.9240363836288452)
(130, 3.45639705657959)
(131, 2.1514527797698975)
(132, 1.1783086061477661)
(133, 1.2604161500930786)
('Epoch start - ', 3)
(0, 2.6857786178588867)
Train Epoch: 3 [0/8544 (0%)]	Loss: 2.685779
(1, 2.651458263397217)
(2, 2.4142682552337646)
(3, 2.3057806491851807)
(4, 2.3151988983154297)
(5, 2.262533664703369)
(6, 2.0600197315216064)
(7, 1.9114359617233276)
(8, 1.9842774868011475)
(9, 1.6774708032608032)
(10, 1.7392882108688354)
(11, 1.6761722564697266)
(12, 1.56008780002594)
(13, 1.4820241928100586)
(14, 1.5332058668136597)
(15, 1.2328566312789917)
(16, 1.2944085597991943)
(17, 1.3355731964111328)
(18, 1.3648556470870972)
(19, 1.2583802938461304)
(20, 1.4498066902160645)
(21, 1.2517591714859009)
(22, 1.3011474609375)
(23, 1.4273521900177002)
(24, 1.1699800491333008)
(25, 1.2357242107391357)
(26, 1.1182581186294556)
(27, 1.2973166704177856)
(28, 1.3269158601760864)
(29, 1.2543878555297852)
(30, 1.3055353164672852)
(31, 1.1522440910339355)
(32, 1.2074573040008545)
(33, 1.2619572877883911)
(34, 1.2959352731704712)
(35, 1.1560370922088623)
(36, 1.1139408349990845)
(37, 1.0836378335952759)
(38, 1.104811429977417)
(39, 1.1458837985992432)
(40, 1.0622673034667969)
(41, 1.1173123121261597)
(42, 1.1243562698364258)
(43, 1.196675419807434)
(44, 1.1360045671463013)
(45, 1.1296948194503784)
(46, 1.1541560888290405)
(47, 1.1992899179458618)
(48, 1.2558540105819702)
(49, 1.1744927167892456)
(50, 1.2667474746704102)
(51, 1.2600091695785522)
(52, 1.1163897514343262)
(53, 1.1789436340332031)
(54, 1.1730961799621582)
(55, 1.156038522720337)
(56, 1.2327977418899536)
(57, 1.2760101556777954)
(58, 1.2681058645248413)
(59, 1.207021951675415)
(60, 1.2799296379089355)
(61, 1.1747242212295532)
(62, 1.4669067859649658)
(63, 2.043619155883789)
(64, 3.0312540531158447)
(65, 2.745173931121826)
(66, 2.5296220779418945)
(67, 2.5160202980041504)
(68, 2.4778008460998535)
(69, 2.426248073577881)
(70, 2.154029369354248)
(71, 2.2864294052124023)
(72, 1.9122533798217773)
(73, 2.241527557373047)
(74, 1.9957754611968994)
(75, 1.8793586492538452)
(76, 1.9444245100021362)
(77, 1.8416866064071655)
(78, 1.626354694366455)
(79, 1.6014479398727417)
(80, 1.519853949546814)
(81, 1.418108582496643)
(82, 1.3939015865325928)
(83, 1.4709991216659546)
(84, 1.5412951707839966)
(85, 1.330500602722168)
(86, 1.305925726890564)
(87, 1.438036561012268)
(88, 1.3420062065124512)
(89, 1.253884196281433)
(90, 1.4190407991409302)
(91, 1.316857099533081)
(92, 1.19650399684906)
(93, 1.3031680583953857)
(94, 1.3832343816757202)
(95, 1.2302491664886475)
(96, 1.500309944152832)
(97, 1.1603046655654907)
(98, 1.2928625345230103)
(99, 1.2236168384552002)
(100, 1.4141172170639038)
Train Epoch: 3 [6400/8544 (75%)]	Loss: 1.414117
(101, 1.3650822639465332)
(102, 1.3266181945800781)
(103, 1.2896571159362793)
(104, 1.1199746131896973)
(105, 1.2916550636291504)
(106, 1.189992904663086)
(107, 1.2449729442596436)
(108, 1.1436598300933838)
(109, 1.1316421031951904)
(110, 1.4260764122009277)
(111, 1.1749343872070312)
(112, 1.089042067527771)
(113, 1.4770804643630981)
(114, 1.179847002029419)
(115, 1.0906842947006226)
(116, 1.1773625612258911)
(117, 1.1670119762420654)
(118, 1.2086665630340576)
(119, 1.348838210105896)
(120, 1.3748095035552979)
(121, 1.1132317781448364)
(122, 1.3065783977508545)
(123, 1.2017266750335693)
(124, 1.3555796146392822)
(125, 1.2420265674591064)
(126, 1.2006725072860718)
(127, 1.2613639831542969)
(128, 1.7510108947753906)
(129, 1.9367667436599731)
(130, 3.635496139526367)
(131, 2.158107042312622)
(132, 1.1988540887832642)
(133, 1.2602949142456055)
('Epoch start - ', 4)
(0, 2.3964924812316895)
Train Epoch: 4 [0/8544 (0%)]	Loss: 2.396492
(1, 2.2566115856170654)
(2, 2.021172523498535)
(3, 1.95347261428833)
(4, 1.9127469062805176)
(5, 1.7745956182479858)
(6, 1.666494369506836)
(7, 1.5319656133651733)
(8, 1.6448395252227783)
(9, 1.4166855812072754)
(10, 1.4733918905258179)
(11, 1.3929237127304077)
(12, 1.3147361278533936)
(13, 1.2117708921432495)
(14, 1.317219614982605)
(15, 1.0761785507202148)
(16, 1.186841368675232)
(17, 1.1754225492477417)
(18, 1.1863446235656738)
(19, 1.241152048110962)
(20, 1.3859124183654785)
(21, 1.2168277502059937)
(22, 1.2631003856658936)
(23, 1.3285144567489624)
(24, 1.1246142387390137)
(25, 1.1363701820373535)
(26, 1.0652329921722412)
(27, 1.161996603012085)
(28, 1.2686978578567505)
(29, 1.2430601119995117)
(30, 1.3434717655181885)
(31, 1.1315640211105347)
(32, 1.1991856098175049)
(33, 1.2843869924545288)
(34, 1.2779847383499146)
(35, 1.1567199230194092)
(36, 1.0804705619812012)
(37, 1.0663566589355469)
(38, 1.0522198677062988)
(39, 1.142083764076233)
(40, 1.0701497793197632)
(41, 1.1032981872558594)
(42, 1.2074004411697388)
(43, 1.247443675994873)
(44, 1.1357946395874023)
(45, 1.1612768173217773)
(46, 1.1478240489959717)
(47, 1.1658740043640137)
(48, 1.248293161392212)
(49, 1.1510480642318726)
(50, 1.3008348941802979)
(51, 1.280151128768921)
(52, 1.1242644786834717)
(53, 1.2128726243972778)
(54, 1.1676111221313477)
(55, 1.150496482849121)
(56, 1.206527590751648)
(57, 1.2517322301864624)
(58, 1.2526739835739136)
(59, 1.14931321144104)
(60, 1.2979952096939087)
(61, 1.1867536306381226)
(62, 1.5102723836898804)
(63, 1.9968571662902832)
(64, 2.9489059448242188)
(65, 2.5370850563049316)
(66, 2.282688856124878)
(67, 2.1540565490722656)
(68, 2.0485587120056152)
(69, 1.9582557678222656)
(70, 1.7658703327178955)
(71, 1.8891032934188843)
(72, 1.4786702394485474)
(73, 1.7526863813400269)
(74, 1.4582735300064087)
(75, 1.4055061340332031)
(76, 1.4539510011672974)
(77, 1.4864046573638916)
(78, 1.383381724357605)
(79, 1.3648083209991455)
(80, 1.2526968717575073)
(81, 1.1629849672317505)
(82, 1.0821640491485596)
(83, 1.2804776430130005)
(84, 1.241531252861023)
(85, 1.1516746282577515)
(86, 1.1844573020935059)
(87, 1.3137409687042236)
(88, 1.3601576089859009)
(89, 1.1396743059158325)
(90, 1.280532717704773)
(91, 1.2377666234970093)
(92, 1.1857208013534546)
(93, 1.2659952640533447)
(94, 1.310922622680664)
(95, 1.1825748682022095)
(96, 1.4310898780822754)
(97, 1.112566590309143)
(98, 1.2896382808685303)
(99, 1.1851240396499634)
(100, 1.3543330430984497)
Train Epoch: 4 [6400/8544 (75%)]	Loss: 1.354333
(101, 1.323677897453308)
(102, 1.2338745594024658)
(103, 1.2569937705993652)
(104, 1.1112405061721802)
(105, 1.3112374544143677)
(106, 1.189941644668579)
(107, 1.2096319198608398)
(108, 1.1363697052001953)
(109, 1.134289264678955)
(110, 1.4327828884124756)
(111, 1.1823455095291138)
(112, 1.0570316314697266)
(113, 1.4194004535675049)
(114, 1.158229947090149)
(115, 1.0794713497161865)
(116, 1.1723748445510864)
(117, 1.1633037328720093)
(118, 1.245051383972168)
(119, 1.3372159004211426)
(120, 1.3827556371688843)
(121, 1.1109015941619873)
(122, 1.329446792602539)
(123, 1.1942510604858398)
(124, 1.3360639810562134)
(125, 1.23788321018219)
(126, 1.1847072839736938)
(127, 1.2670466899871826)
(128, 1.6732113361358643)
(129, 2.066633701324463)
(130, 4.186997413635254)
(131, 2.3544251918792725)
(132, 1.1931564807891846)
(133, 1.2469903230667114)
('Epoch start - ', 5)
(0, 2.2224245071411133)
Train Epoch: 5 [0/8544 (0%)]	Loss: 2.222425
(1, 2.1009812355041504)
(2, 1.899695873260498)
(3, 1.8365451097488403)
(4, 1.8442269563674927)
(5, 1.7710518836975098)
(6, 1.7007046937942505)
(7, 1.6069284677505493)
(8, 1.7220373153686523)
(9, 1.491750955581665)
(10, 1.6014628410339355)
(11, 1.5255084037780762)
(12, 1.458419919013977)
(13, 1.4053130149841309)
(14, 1.4752544164657593)
(15, 1.2199976444244385)
(16, 1.2861193418502808)
(17, 1.3121042251586914)
(18, 1.339361548423767)
(19, 1.2859140634536743)
(20, 1.4402899742126465)
(21, 1.2748985290527344)
(22, 1.3129568099975586)
(23, 1.4049004316329956)
(24, 1.1769418716430664)
(25, 1.2249360084533691)
(26, 1.1111959218978882)
(27, 1.3090468645095825)
(28, 1.3354103565216064)
(29, 1.2534645795822144)
(30, 1.301215648651123)
(31, 1.1604033708572388)
(32, 1.1959271430969238)
(33, 1.2788289785385132)
(34, 1.2983731031417847)
(35, 1.1731011867523193)
(36, 1.1212937831878662)
(37, 1.0927257537841797)
(38, 1.0906801223754883)
(39, 1.1468719244003296)
(40, 1.0616722106933594)
(41, 1.1122807264328003)
(42, 1.1371984481811523)
(43, 1.21124267578125)
(44, 1.117000699043274)
(45, 1.0986354351043701)
(46, 1.1711909770965576)
(47, 1.2266942262649536)
(48, 1.258050799369812)
(49, 1.165414571762085)
(50, 1.257748007774353)
(51, 1.2571995258331299)
(52, 1.1282978057861328)
(53, 1.205722451210022)
(54, 1.1719669103622437)
(55, 1.1693263053894043)
(56, 1.2810478210449219)
(57, 1.2607802152633667)
(58, 1.2896751165390015)
(59, 1.2001582384109497)
(60, 1.2644703388214111)
(61, 1.1858915090560913)
(62, 1.4486011266708374)
(63, 1.9700695276260376)
(64, 3.007606029510498)
(65, 2.589812994003296)
(66, 2.427277088165283)
(67, 2.31032395362854)
(68, 2.2665927410125732)
(69, 2.1645519733428955)
(70, 1.9047801494598389)
(71, 2.0286126136779785)
(72, 1.689306616783142)
(73, 1.903585433959961)
(74, 1.6873855590820312)
(75, 1.6083296537399292)
(76, 1.6701844930648804)
(77, 1.6063017845153809)
(78, 1.4740275144577026)
(79, 1.4798901081085205)
(80, 1.3724114894866943)
(81, 1.2600877285003662)
(82, 1.2224847078323364)
(83, 1.3505431413650513)
(84, 1.3639878034591675)
(85, 1.2674912214279175)
(86, 1.2637757062911987)
(87, 1.3841568231582642)
(88, 1.3501601219177246)
(89, 1.1902698278427124)
(90, 1.3387317657470703)
(91, 1.2799983024597168)
(92, 1.177754282951355)
(93, 1.2543439865112305)
(94, 1.341928243637085)
(95, 1.2074007987976074)
(96, 1.4684427976608276)
(97, 1.154446005821228)
(98, 1.2939536571502686)
(99, 1.2161304950714111)
(100, 1.3713620901107788)
Train Epoch: 5 [6400/8544 (75%)]	Loss: 1.371362
(101, 1.3523882627487183)
(102, 1.2500251531600952)
(103, 1.2549145221710205)
(104, 1.150031328201294)
(105, 1.3156558275222778)
(106, 1.2056183815002441)
(107, 1.2184234857559204)
(108, 1.1669646501541138)
(109, 1.1166754961013794)
(110, 1.4446752071380615)
(111, 1.1904252767562866)
(112, 1.098297119140625)
(113, 1.4776774644851685)
(114, 1.1503009796142578)
(115, 1.0925095081329346)
(116, 1.1674540042877197)
(117, 1.1799403429031372)
(118, 1.2360119819641113)
(119, 1.311170220375061)
(120, 1.389488697052002)
(121, 1.1021593809127808)
(122, 1.3257315158843994)
(123, 1.178245186805725)
(124, 1.3188563585281372)
(125, 1.2658239603042603)
(126, 1.200893759727478)
(127, 1.264639973640442)
(128, 1.7094193696975708)
(129, 2.0859711170196533)
(130, 4.464816570281982)
(131, 2.5021300315856934)
(132, 1.1657800674438477)
(133, 1.2352834939956665)
('Epoch start - ', 6)
(0, 2.1311748027801514)
Train Epoch: 6 [0/8544 (0%)]	Loss: 2.131175
(1, 2.053421974182129)
(2, 1.8823939561843872)
(3, 1.8324939012527466)
(4, 1.8230187892913818)
(5, 1.7664660215377808)
(6, 1.6988238096237183)
(7, 1.6259872913360596)
(8, 1.7041959762573242)
(9, 1.5195653438568115)
(10, 1.5923917293548584)
(11, 1.5508073568344116)
(12, 1.480822205543518)
(13, 1.4457566738128662)
(14, 1.4713325500488281)
(15, 1.2974339723587036)
(16, 1.3212162256240845)
(17, 1.3471436500549316)
(18, 1.3770365715026855)
(19, 1.3054534196853638)
(20, 1.4428296089172363)
(21, 1.309532880783081)
(22, 1.3129336833953857)
(23, 1.4279762506484985)
(24, 1.2006911039352417)
(25, 1.2704968452453613)
(26, 1.143314242362976)
(27, 1.3323585987091064)
(28, 1.3950330018997192)
(29, 1.2601336240768433)
(30, 1.3529889583587646)
(31, 1.1880197525024414)
(32, 1.2075563669204712)
(33, 1.2884540557861328)
(34, 1.359209418296814)
(35, 1.1499946117401123)
(36, 1.108440637588501)
(37, 1.1012239456176758)
(38, 1.0835456848144531)
(39, 1.1671881675720215)
(40, 1.0701736211776733)
(41, 1.121033787727356)
(42, 1.1325504779815674)
(43, 1.2276768684387207)
(44, 1.1062650680541992)
(45, 1.1158885955810547)
(46, 1.1730321645736694)
(47, 1.212227702140808)
(48, 1.2441468238830566)
(49, 1.1877022981643677)
(50, 1.3117399215698242)
(51, 1.2800333499908447)
(52, 1.1521762609481812)
(53, 1.1883083581924438)
(54, 1.1923404932022095)
(55, 1.1547576189041138)
(56, 1.2769603729248047)
(57, 1.2798001766204834)
(58, 1.2821961641311646)
(59, 1.1845935583114624)
(60, 1.2612086534500122)
(61, 1.1882027387619019)
(62, 1.4438961744308472)
(63, 1.9754709005355835)
(64, 2.9050464630126953)
(65, 2.5802464485168457)
(66, 2.3238472938537598)
(67, 2.3108694553375244)
(68, 2.254901170730591)
(69, 2.1092917919158936)
(70, 1.9180647134780884)
(71, 2.032259225845337)
(72, 1.750616431236267)
(73, 1.9206689596176147)
(74, 1.7550936937332153)
(75, 1.68104088306427)
(76, 1.7374770641326904)
(77, 1.677618384361267)
(78, 1.5603126287460327)
(79, 1.5536267757415771)
(80, 1.5043056011199951)
(81, 1.4428083896636963)
(82, 1.4221185445785522)
(83, 1.4927681684494019)
(84, 1.516793131828308)
(85, 1.430829405784607)
(86, 1.40276038646698)
(87, 1.4842768907546997)
(88, 1.4054173231124878)
(89, 1.3750135898590088)
(90, 1.4947643280029297)
(91, 1.4281190633773804)
(92, 1.2970706224441528)
(93, 1.3771904706954956)
(94, 1.4872196912765503)
(95, 1.3696388006210327)
(96, 1.5229921340942383)
(97, 1.3217750787734985)
(98, 1.3550002574920654)
(99, 1.4483308792114258)
(100, 1.475258231163025)
Train Epoch: 6 [6400/8544 (75%)]	Loss: 1.475258
(101, 1.4074839353561401)
(102, 1.3099006414413452)
(103, 1.3305450677871704)
(104, 1.1660455465316772)
(105, 1.3376023769378662)
(106, 1.3378498554229736)
(107, 1.298646330833435)
(108, 1.2518795728683472)
(109, 1.2148598432540894)
(110, 1.4826408624649048)
(111, 1.2740155458450317)
(112, 1.138309359550476)
(113, 1.4693019390106201)
(114, 1.1930220127105713)
(115, 1.138030767440796)
(116, 1.209206461906433)
(117, 1.2019282579421997)
(118, 1.2208012342453003)
(119, 1.3444819450378418)
(120, 1.371089220046997)
(121, 1.1346981525421143)
(122, 1.3656799793243408)
(123, 1.1840448379516602)
(124, 1.3520426750183105)
(125, 1.259319543838501)
(126, 1.201624870300293)
(127, 1.2867789268493652)
(128, 1.7204978466033936)
(129, 1.9724290370941162)
(130, 3.500128984451294)
(131, 2.1609885692596436)
(132, 1.17762291431427)
(133, 1.2499449253082275)
('Epoch start - ', 7)
(0, 2.389559030532837)
Train Epoch: 7 [0/8544 (0%)]	Loss: 2.389559
(1, 2.403653144836426)
(2, 2.199139356613159)
(3, 2.149118423461914)
(4, 2.124225616455078)
(5, 2.0699427127838135)
(6, 1.9470247030258179)
(7, 1.8883906602859497)
(8, 1.930579662322998)
(9, 1.7788294553756714)
(10, 1.809518575668335)
(11, 1.7918760776519775)
(12, 1.7247941493988037)
(13, 1.7063593864440918)
(14, 1.6867008209228516)
(15, 1.5984052419662476)
(16, 1.578218936920166)
(17, 1.5909864902496338)
(18, 1.6079298257827759)
(19, 1.5299612283706665)
(20, 1.596837043762207)
(21, 1.532896876335144)
(22, 1.5167616605758667)
(23, 1.574622631072998)
(24, 1.455593228340149)
(25, 1.5166555643081665)
(26, 1.4448593854904175)
(27, 1.505536675453186)
(28, 1.5631108283996582)
(29, 1.458370566368103)
(30, 1.5226329565048218)
(31, 1.4290144443511963)
(32, 1.4129822254180908)
(33, 1.426174283027649)
(34, 1.5061758756637573)
(35, 1.3731368780136108)
(36, 1.3508250713348389)
(37, 1.405441403388977)
(38, 1.2950873374938965)
(39, 1.4247324466705322)
(40, 1.3519905805587769)
(41, 1.3107668161392212)
(42, 1.4246041774749756)
(43, 1.3648663759231567)
(44, 1.3685684204101562)
(45, 1.2864041328430176)
(46, 1.340104341506958)
(47, 1.4019767045974731)
(48, 1.3938695192337036)
(49, 1.273447871208191)
(50, 1.3535332679748535)
(51, 1.3752371072769165)
(52, 1.277182936668396)
(53, 1.2991385459899902)
(54, 1.2966262102127075)
(55, 1.271842360496521)
(56, 1.3174554109573364)
(57, 1.326775312423706)
(58, 1.3255442380905151)
(59, 1.233307957649231)
(60, 1.3461054563522339)
(61, 1.2758773565292358)
(62, 1.4938366413116455)
(63, 1.7326116561889648)
(64, 2.255513906478882)
(65, 2.1042604446411133)
(66, 2.054471015930176)
(67, 2.1192405223846436)
(68, 2.1864616870880127)
(69, 2.0685465335845947)
(70, 1.9183597564697266)
(71, 2.010397434234619)
(72, 1.9367809295654297)
(73, 2.0116426944732666)
(74, 1.9917587041854858)
(75, 1.89523184299469)
(76, 1.9441096782684326)
(77, 1.882330060005188)
(78, 1.7985936403274536)
(79, 1.777726173400879)
(80, 1.7778046131134033)
(81, 1.7633709907531738)
(82, 1.7538785934448242)
(83, 1.722822904586792)
(84, 1.7599565982818604)
(85, 1.7058029174804688)
(86, 1.6510120630264282)
(87, 1.6509413719177246)
(88, 1.583562970161438)
(89, 1.645042896270752)
(90, 1.6871901750564575)
(91, 1.6193889379501343)
(92, 1.566517949104309)
(93, 1.5647860765457153)
(94, 1.610386848449707)
(95, 1.5799700021743774)
(96, 1.5782513618469238)
(97, 1.5506247282028198)
(98, 1.5231777429580688)
(99, 1.6179850101470947)
(100, 1.5563372373580933)
Train Epoch: 7 [6400/8544 (75%)]	Loss: 1.556337
(101, 1.5290782451629639)
(102, 1.4762221574783325)
(103, 1.5002168416976929)
(104, 1.4097923040390015)
(105, 1.4870392084121704)
(106, 1.5249981880187988)
(107, 1.4850618839263916)
(108, 1.4917199611663818)
(109, 1.4323132038116455)
(110, 1.587756872177124)
(111, 1.5049375295639038)
(112, 1.3451958894729614)
(113, 1.575952172279358)
(114, 1.3998668193817139)
(115, 1.3917051553726196)
(116, 1.3995788097381592)
(117, 1.3933393955230713)
(118, 1.3761732578277588)
(119, 1.4332102537155151)
(120, 1.465095043182373)
(121, 1.3629201650619507)
(122, 1.5024868249893188)
(123, 1.4377654790878296)
(124, 1.5901603698730469)
(125, 1.4062303304672241)
(126, 1.4201940298080444)
(127, 1.491145372390747)
(128, 1.5633151531219482)
(129, 1.6149485111236572)
(130, 1.9256671667099)
(131, 1.7006993293762207)
(132, 1.522312879562378)
(133, 1.4714722633361816)
('Epoch start - ', 8)
(0, 1.939685583114624)
Train Epoch: 8 [0/8544 (0%)]	Loss: 1.939686
(1, 1.9293371438980103)
(2, 1.9036335945129395)
(3, 1.8763290643692017)
(4, 1.8910588026046753)
(5, 1.9016939401626587)
(6, 1.8354723453521729)
(7, 1.8178060054779053)
(8, 1.8167495727539062)
(9, 1.752685308456421)
(10, 1.7822846174240112)
(11, 1.734490990638733)
(12, 1.7172322273254395)
(13, 1.6928730010986328)
(14, 1.6785012483596802)
(15, 1.607306718826294)
(16, 1.590641736984253)
(17, 1.5783604383468628)
(18, 1.5605955123901367)
(19, 1.5154024362564087)
(20, 1.5556615591049194)
(21, 1.466064691543579)
(22, 1.453377604484558)
(23, 1.5078221559524536)
(24, 1.309058666229248)
(25, 1.3653528690338135)
(26, 1.26398503780365)
(27, 1.3976120948791504)
(28, 1.5015109777450562)
(29, 1.3161094188690186)
(30, 1.469601035118103)
(31, 1.1713907718658447)
(32, 1.2759257555007935)
(33, 1.325844407081604)
(34, 1.344173550605774)
(35, 1.170474886894226)
(36, 1.190647840499878)
(37, 1.128923773765564)
(38, 1.0764751434326172)
(39, 1.1931215524673462)
(40, 1.0922611951828003)
(41, 1.1038126945495605)
(42, 1.1471915245056152)
(43, 1.265076756477356)
(44, 1.0941274166107178)
(45, 1.1575416326522827)
(46, 1.1878409385681152)
(47, 1.2573034763336182)
(48, 1.2339305877685547)
(49, 1.1794602870941162)
(50, 1.2604341506958008)
(51, 1.2619153261184692)
(52, 1.1373755931854248)
(53, 1.2160500288009644)
(54, 1.17156183719635)
(55, 1.158636450767517)
(56, 1.2561105489730835)
(57, 1.2729803323745728)
(58, 1.2506985664367676)
(59, 1.1611045598983765)
(60, 1.2574015855789185)
(61, 1.192238211631775)
(62, 1.45682692527771)
(63, 1.9413594007492065)
(64, 2.698517084121704)
(65, 2.3644919395446777)
(66, 2.1035337448120117)
(67, 1.9871456623077393)
(68, 1.8293458223342896)
(69, 1.814427137374878)
(70, 1.6881754398345947)
(71, 1.804408073425293)
(72, 1.5453630685806274)
(73, 1.7261395454406738)
(74, 1.5586222410202026)
(75, 1.518868327140808)
(76, 1.595218300819397)
(77, 1.6023551225662231)
(78, 1.4948525428771973)
(79, 1.4999359846115112)
(80, 1.44460928440094)
(81, 1.3744274377822876)
(82, 1.366487741470337)
(83, 1.4592911005020142)
(84, 1.5143260955810547)
(85, 1.4210786819458008)
(86, 1.3883777856826782)
(87, 1.467700719833374)
(88, 1.3918590545654297)
(89, 1.404954433441162)
(90, 1.522655963897705)
(91, 1.4400728940963745)
(92, 1.3562450408935547)
(93, 1.3989635705947876)
(94, 1.4888509511947632)
(95, 1.4131931066513062)
(96, 1.5074795484542847)
(97, 1.3833246231079102)
(98, 1.386406660079956)
(99, 1.5001682043075562)
(100, 1.4770128726959229)
Train Epoch: 8 [6400/8544 (75%)]	Loss: 1.477013
(101, 1.4227513074874878)
(102, 1.3277806043624878)
(103, 1.375109076499939)
(104, 1.241168737411499)
(105, 1.3837292194366455)
(106, 1.4089986085891724)
(107, 1.356666088104248)
(108, 1.3497333526611328)
(109, 1.2782398462295532)
(110, 1.528368592262268)
(111, 1.3835692405700684)
(112, 1.213012456893921)
(113, 1.5199034214019775)
(114, 1.2728426456451416)
(115, 1.2485198974609375)
(116, 1.3001980781555176)
(117, 1.2774834632873535)
(118, 1.2778291702270508)
(119, 1.3681279420852661)
(120, 1.3981572389602661)
(121, 1.2400903701782227)
(122, 1.4387580156326294)
(123, 1.331035852432251)
(124, 1.533101201057434)
(125, 1.3203848600387573)
(126, 1.332827091217041)
(127, 1.3980962038040161)
(128, 1.5967754125595093)
(129, 1.784035563468933)
(130, 2.7674782276153564)
(131, 2.0311217308044434)
(132, 1.4243236780166626)
(133, 1.3731003999710083)
('Epoch start - ', 9)
(0, 2.0796287059783936)
Train Epoch: 9 [0/8544 (0%)]	Loss: 2.079629
(1, 2.062865972518921)
(2, 2.005354881286621)
(3, 1.951536774635315)
(4, 1.972285509109497)
(5, 1.9749598503112793)
(6, 1.8816148042678833)
(7, 1.850562334060669)
(8, 1.8757039308547974)
(9, 1.7748774290084839)
(10, 1.7975354194641113)
(11, 1.7851659059524536)
(12, 1.7611143589019775)
(13, 1.7447909116744995)
(14, 1.716117262840271)
(15, 1.678497314453125)
(16, 1.6534301042556763)
(17, 1.6637331247329712)
(18, 1.6666133403778076)
(19, 1.6107856035232544)
(20, 1.6482993364334106)
(21, 1.6130539178848267)
(22, 1.5989333391189575)
(23, 1.6288986206054688)
(24, 1.5677310228347778)
(25, 1.6013312339782715)
(26, 1.5591987371444702)
(27, 1.581748366355896)
(28, 1.6187560558319092)
(29, 1.5467880964279175)
(30, 1.5898269414901733)
(31, 1.5242005586624146)
(32, 1.515365719795227)
(33, 1.516051173210144)
(34, 1.562496304512024)
(35, 1.488286018371582)
(36, 1.4697542190551758)
(37, 1.503881573677063)
(38, 1.4392222166061401)
(39, 1.5022094249725342)
(40, 1.460537314414978)
(41, 1.4292184114456177)
(42, 1.495091438293457)
(43, 1.4479516744613647)
(44, 1.4512711763381958)
(45, 1.3870832920074463)
(46, 1.4251185655593872)
(47, 1.4654778242111206)
(48, 1.4473598003387451)
(49, 1.3683642148971558)
(50, 1.416355013847351)
(51, 1.4265581369400024)
(52, 1.3655390739440918)
(53, 1.3681418895721436)
(54, 1.3602153062820435)
(55, 1.3415311574935913)
(56, 1.3868030309677124)
(57, 1.3799991607666016)
(58, 1.3778984546661377)
(59, 1.3011136054992676)
(60, 1.392685055732727)
(61, 1.3171703815460205)
(62, 1.506657361984253)
(63, 1.6839649677276611)
(64, 2.0815932750701904)
(65, 1.9829535484313965)
(66, 1.9477858543395996)
(67, 2.01594877243042)
(68, 2.1032533645629883)
(69, 1.9686485528945923)
(70, 1.8596851825714111)
(71, 1.9258581399917603)
(72, 1.9009449481964111)
(73, 1.923283338546753)
(74, 1.9244886636734009)
(75, 1.8484864234924316)
(76, 1.8904513120651245)
(77, 1.8384984731674194)
(78, 1.7632505893707275)
(79, 1.7520177364349365)
(80, 1.753578543663025)
(81, 1.7500958442687988)
(82, 1.723423957824707)
(83, 1.6895947456359863)
(84, 1.708424687385559)
(85, 1.6739572286605835)
(86, 1.6277036666870117)
(87, 1.6407432556152344)
(88, 1.5748504400253296)
(89, 1.6042834520339966)
(90, 1.6394343376159668)
(91, 1.606633186340332)
(92, 1.5485464334487915)
(93, 1.5643819570541382)
(94, 1.5861035585403442)
(95, 1.5544896125793457)
(96, 1.5794599056243896)
(97, 1.5461212396621704)
(98, 1.5156214237213135)
(99, 1.5878714323043823)
(100, 1.556291103363037)
Train Epoch: 9 [6400/8544 (75%)]	Loss: 1.556291
(101, 1.5202168226242065)
(102, 1.4734853506088257)
(103, 1.4910473823547363)
(104, 1.407544493675232)
(105, 1.4812861680984497)
(106, 1.5184588432312012)
(107, 1.4744131565093994)
(108, 1.4871926307678223)
(109, 1.4311140775680542)
(110, 1.5685063600540161)
(111, 1.4976916313171387)
(112, 1.3598570823669434)
(113, 1.5523542165756226)
(114, 1.3957948684692383)
(115, 1.3921877145767212)
(116, 1.403638243675232)
(117, 1.3979800939559937)
(118, 1.38266122341156)
(119, 1.429053783416748)
(120, 1.467188835144043)
(121, 1.3811161518096924)
(122, 1.4893275499343872)
(123, 1.4331170320510864)
(124, 1.5633399486541748)
(125, 1.4130048751831055)
(126, 1.4241176843643188)
(127, 1.4881837368011475)
(128, 1.536220669746399)
(129, 1.5758098363876343)
(130, 1.8558443784713745)
(131, 1.655705451965332)
(132, 1.5358846187591553)
(133, 1.468440294265747)
